9 830.0 400.0 5
10 830.0 480.0 5
6 90.0 400.0 5
1 10.0 400.0 5
7 90.0 480.0 5
12 790.0 440.0 9
2 10.0 480.0 9
17 710.0 400.0 9
18 710.0 480.0 9
3 50.0 360.0 9
5 90.0 320.0 10
14 750.0 400.0 10
14 750.0 400.0 10
4 50.0 440.0 10
3 50.0 360.0 10
11 790.0 360.0 10
16 710.0 320.0 11
0 10.0 320.0 11
9 820.0 400.0 210
6 100.0 400.0 210
7 100.0 480.0 210
1 20.0 400.0 210
10 820.0 480.0 210
12 780.0 440.0 210
2 20.0 480.0 210
18 700.0 480.0 210
3 60.0 360.0 210
17 700.0 400.0 210
14 740.0 400.0 211
4 60.0 440.0 211
5 100.0 320.0 211
14 740.0 400.0 211
16 700.0 320.0 212
0 20.0 320.0 212
3 60.0 360.0 212
11 780.0 360.0 212
6 110.0 400.0 410
7 110.0 480.0 410
1 30.0 400.0 410
9 810.0 400.0 410
10 810.0 480.0 410
12 770.0 440.0 410
18 690.0 480.0 410
2 30.0 480.0 410
3 70.0 360.0 410
17 690.0 400.0 410
14 730.0 400.0 411
4 70.0 440.0 411
5 110.0 320.0 411
14 730.0 400.0 411
16 690.0 320.0 412
0 30.0 320.0 412
3 70.0 360.0 412
11 770.0 360.0 412
7 120.0 480.0 611
10 800.0 480.0 611
9 800.0 400.0 611
1 40.0 400.0 611
6 120.0 400.0 611
12 760.0 440.0 611
2 40.0 480.0 611
17 680.0 400.0 611
18 680.0 480.0 611
3 80.0 360.0 611
14 720.0 400.0 612
4 80.0 440.0 612
5 120.0 320.0 612
14 720.0 400.0 612
16 680.0 320.0 613
0 40.0 320.0 613
3 80.0 360.0 613
11 760.0 360.0 613
6 130.0 400.0 811
9 790.0 400.0 811
1 50.0 400.0 811
7 130.0 480.0 811
10 790.0 480.0 811
12 750.0 440.0 811
3 90.0 360.0 811
2 50.0 480.0 811
17 670.0 400.0 811
18 670.0 480.0 811
5 130.0 320.0 812
14 710.0 400.0 812
14 710.0 400.0 812
4 90.0 440.0 812
3 90.0 360.0 813
11 750.0 360.0 813
16 670.0 320.0 813
0 50.0 320.0 813
9 780.0 400.0 1012
7 140.0 480.0 1012
6 140.0 400.0 1012
1 60.0 400.0 1012
10 780.0 480.0 1012
12 740.0 440.0 1012
17 660.0 400.0 1012
3 100.0 360.0 1012
2 60.0 480.0 1012
18 660.0 480.0 1012
5 140.0 320.0 1013
14 700.0 400.0 1013
14 700.0 400.0 1013
4 100.0 440.0 1013
3 100.0 360.0 1014
11 740.0 360.0 1014
16 660.0 320.0 1014
0 60.0 320.0 1014
10 770.0 480.0 1212
1 70.0 400.0 1212
6 150.0 400.0 1212
7 150.0 480.0 1212
9 770.0 400.0 1212
12 730.0 440.0 1212
18 650.0 480.0 1212
3 110.0 360.0 1212
17 650.0 400.0 1212
2 70.0 480.0 1212
14 690.0 400.0 1213
4 110.0 440.0 1213
5 150.0 320.0 1213
14 690.0 400.0 1213
16 650.0 320.0 1214
0 70.0 320.0 1214
3 110.0 360.0 1214
11 730.0 360.0 1214
7 160.0 480.0 1413
1 80.0 400.0 1413
10 760.0 480.0 1413
6 160.0 400.0 1413
9 760.0 400.0 1413
12 720.0 440.0 1413
18 640.0 480.0 1413
2 80.0 480.0 1413
17 640.0 400.0 1413
3 120.0 360.0 1413
5 160.0 320.0 1414
14 680.0 400.0 1414
14 680.0 400.0 1414
4 120.0 440.0 1414
3 120.0 360.0 1415
11 720.0 360.0 1415
16 640.0 320.0 1415
0 80.0 320.0 1415
6 170.0 400.0 1613
7 170.0 480.0 1613
1 90.0 400.0 1613
10 750.0 480.0 1613
9 750.0 400.0 1613
12 710.0 440.0 1613
18 630.0 480.0 1613
3 130.0 360.0 1613
2 90.0 480.0 1613
17 630.0 400.0 1613
14 670.0 400.0 1614
4 130.0 440.0 1614
5 170.0 320.0 1614
14 670.0 400.0 1614
3 130.0 360.0 1615
11 710.0 360.0 1615
16 630.0 320.0 1615
0 90.0 320.0 1615
6 180.0 400.0 1813
7 180.0 480.0 1813
9 740.0 400.0 1813
1 100.0 400.0 1813
10 740.0 480.0 1813
12 700.0 440.0 1813
17 620.0 400.0 1813
3 140.0 360.0 1813
18 620.0 480.0 1813
2 100.0 480.0 1813
14 660.0 400.0 1814
4 140.0 440.0 1814
5 180.0 320.0 1814
14 660.0 400.0 1814
16 620.0 320.0 1815
0 100.0 320.0 1815
3 140.0 360.0 1815
11 700.0 360.0 1815
10 730.0 480.0 2014
9 730.0 400.0 2014
7 190.0 480.0 2014
6 190.0 400.0 2014
1 110.0 400.0 2014
12 690.0 440.0 2014
18 610.0 480.0 2014
17 610.0 400.0 2014
3 150.0 360.0 2014
2 110.0 480.0 2014
14 650.0 400.0 2015
4 150.0 440.0 2015
5 190.0 320.0 2015
14 650.0 400.0 2015
16 610.0 320.0 2016
0 110.0 320.0 2016
3 150.0 360.0 2016
11 690.0 360.0 2016
10 720.0 480.0 2214
9 720.0 400.0 2214
1 120.0 400.0 2214
7 200.0 480.0 2214
6 200.0 400.0 2214
12 680.0 440.0 2214
18 600.0 480.0 2214
17 600.0 400.0 2214
2 120.0 480.0 2214
3 160.0 360.0 2214
14 640.0 400.0 2215
4 160.0 440.0 2215
5 200.0 320.0 2215
14 640.0 400.0 2215
16 600.0 320.0 2216
0 120.0 320.0 2216
3 160.0 360.0 2216
11 680.0 360.0 2216
7 210.0 480.0 2415
10 710.0 480.0 2415
1 130.0 400.0 2415
6 210.0 400.0 2415
9 710.0 400.0 2415
12 670.0 440.0 2415
3 170.0 360.0 2415
2 130.0 480.0 2415
17 590.0 400.0 2415
18 590.0 480.0 2415
5 210.0 320.0 2416
14 630.0 400.0 2416
14 630.0 400.0 2416
4 170.0 440.0 2416
16 590.0 320.0 2417
0 130.0 320.0 2417
3 170.0 360.0 2417
11 670.0 360.0 2417
9 700.0 400.0 2615
10 700.0 480.0 2615
1 140.0 400.0 2615
7 220.0 480.0 2615
6 220.0 400.0 2615
12 660.0 440.0 2615
18 580.0 480.0 2615
17 580.0 400.0 2615
3 180.0 360.0 2615
2 140.0 480.0 2615
5 220.0 320.0 2616
14 620.0 400.0 2616
14 620.0 400.0 2616
4 180.0 440.0 2616
16 580.0 320.0 2617
0 140.0 320.0 2617
3 180.0 360.0 2617
11 660.0 360.0 2617
1 150.0 400.0 2816
9 690.0 400.0 2816
6 230.0 400.0 2816
10 690.0 480.0 2816
7 230.0 480.0 2816
12 650.0 440.0 2816
17 570.0 400.0 2816
2 150.0 480.0 2816
3 190.0 360.0 2816
18 570.0 480.0 2816
14 610.0 400.0 2817
4 190.0 440.0 2817
5 230.0 320.0 2817
14 610.0 400.0 2817
3 190.0 360.0 2818
11 650.0 360.0 2818
16 570.0 320.0 2818
0 150.0 320.0 2818
9 680.0 400.0 3016
10 680.0 480.0 3016
1 160.0 400.0 3016
6 240.0 400.0 3016
7 240.0 480.0 3016
12 640.0 440.0 3016
2 160.0 480.0 3016
3 200.0 360.0 3016
17 560.0 400.0 3016
18 560.0 480.0 3016
14 600.0 400.0 3017
4 200.0 440.0 3017
5 240.0 320.0 3017
14 600.0 400.0 3017
16 560.0 320.0 3018
0 160.0 320.0 3018
3 200.0 360.0 3018
11 640.0 360.0 3018
7 250.0 480.0 3217
1 170.0 400.0 3217
10 670.0 480.0 3217
9 670.0 400.0 3217
6 250.0 400.0 3217
12 630.0 440.0 3217
3 210.0 360.0 3217
17 550.0 400.0 3217
2 170.0 480.0 3217
18 550.0 480.0 3217
5 250.0 320.0 3218
14 590.0 400.0 3218
14 590.0 400.0 3218
4 210.0 440.0 3218
16 550.0 320.0 3219
0 170.0 320.0 3219
3 210.0 360.0 3219
11 630.0 360.0 3219
1 180.0 400.0 3417
9 660.0 400.0 3417
7 260.0 480.0 3417
6 260.0 400.0 3417
10 660.0 480.0 3417
3 220.0 360.0 3417
12 620.0 440.0 3417
17 540.0 400.0 3417
2 180.0 480.0 3417
18 540.0 480.0 3417
14 580.0 400.0 3418
4 220.0 440.0 3418
5 260.0 320.0 3418
14 580.0 400.0 3418
3 220.0 360.0 3419
11 620.0 360.0 3419
16 540.0 320.0 3419
0 180.0 320.0 3419
6 270.0 400.0 3618
9 650.0 400.0 3618
7 270.0 480.0 3618
1 190.0 400.0 3618
10 650.0 480.0 3618
12 610.0 440.0 3618
2 190.0 480.0 3618
18 530.0 480.0 3618
3 230.0 360.0 3618
17 530.0 400.0 3618
5 270.0 320.0 3619
14 570.0 400.0 3619
14 570.0 400.0 3619
4 230.0 440.0 3619
16 530.0 320.0 3620
0 190.0 320.0 3620
3 230.0 360.0 3620
11 610.0 360.0 3620
9 640.0 400.0 3818
10 640.0 480.0 3818
1 200.0 400.0 3818
6 280.0 400.0 3818
3 240.0 360.0 3818
17 520.0 400.0 3818
18 520.0 480.0 3818
2 200.0 480.0 3818
7 280.0 480.0 3818
12 600.0 440.0 3818
5 280.0 320.0 3819
14 560.0 400.0 3819
14 560.0 400.0 3819
4 240.0 440.0 3819
16 520.0 320.0 3820
0 200.0 320.0 3820
3 240.0 360.0 3820
11 600.0 360.0 3820
1 210.0 400.0 4019
7 290.0 480.0 4019
6 290.0 400.0 4019
9 630.0 400.0 4019
10 630.0 480.0 4019
12 590.0 440.0 4019
2 210.0 480.0 4019
3 250.0 360.0 4019
17 510.0 400.0 4019
18 510.0 480.0 4019
14 550.0 400.0 4020
4 250.0 440.0 4020
5 290.0 320.0 4020
14 550.0 400.0 4020
3 250.0 360.0 4021
11 590.0 360.0 4021
16 510.0 320.0 4021
0 210.0 320.0 4021
7 300.0 480.0 4219
10 620.0 480.0 4219
1 220.0 400.0 4219
6 300.0 400.0 4219
9 620.0 400.0 4219
12 580.0 440.0 4219
18 500.0 480.0 4219
17 500.0 400.0 4219
2 220.0 480.0 4219
3 260.0 360.0 4219
14 540.0 400.0 4220
4 260.0 440.0 4220
5 300.0 320.0 4220
14 540.0 400.0 4220
16 500.0 320.0 4221
0 220.0 320.0 4221
3 260.0 360.0 4221
11 580.0 360.0 4221
10 610.0 480.0 4420
6 310.0 400.0 4420
1 230.0 400.0 4420
9 610.0 400.0 4420
17 490.0 400.0 4420
2 230.0 480.0 4420
3 270.0 360.0 4420
18 490.0 480.0 4420
5 310.0 320.0 4421
14 530.0 400.0 4421
14 530.0 400.0 4421
4 270.0 440.0 4421
7 310.0 480.0 4421
12 570.0 440.0 4421
3 270.0 360.0 4422
11 570.0 360.0 4422
16 490.0 320.0 4422
0 230.0 320.0 4422
9 600.0 400.0 4620
1 240.0 400.0 4620
6 320.0 400.0 4620
10 600.0 480.0 4620
18 480.0 480.0 4620
17 480.0 400.0 4620
3 280.0 360.0 4620
2 240.0 480.0 4620
7 320.0 480.0 4621
12 560.0 440.0 4621
14 520.0 400.0 4621
4 280.0 440.0 4621
5 320.0 320.0 4621
14 520.0 400.0 4621
16 480.0 320.0 4622
0 240.0 320.0 4622
3 280.0 360.0 4622
11 560.0 360.0 4622
1 250.0 400.0 4820
6 330.0 400.0 4820
10 590.0 480.0 4820
9 590.0 400.0 4820
18 470.0 480.0 4820
2 250.0 480.0 4820
17 470.0 400.0 4820
3 290.0 360.0 4820
14 510.0 400.0 4821
4 290.0 440.0 4821
7 330.0 480.0 4821
12 550.0 440.0 4821
5 330.0 320.0 4821
14 510.0 400.0 4821
3 290.0 360.0 4822
11 550.0 360.0 4822
16 470.0 320.0 4822
0 250.0 320.0 4822
6 340.0 400.0 5021
1 260.0 400.0 5021
10 580.0 480.0 5021
9 580.0 400.0 5021
18 460.0 480.0 5021
2 260.0 480.0 5021
3 300.0 360.0 5021
17 460.0 400.0 5021
5 340.0 320.0 5022
14 500.0 400.0 5022
7 340.0 480.0 5022
12 540.0 440.0 5022
14 500.0 400.0 5022
4 300.0 440.0 5022
3 300.0 360.0 5023
11 540.0 360.0 5023
16 460.0 320.0 5023
0 260.0 320.0 5023
1 270.0 400.0 5221
10 570.0 480.0 5221
6 350.0 400.0 5221
9 570.0 400.0 5221
2 270.0 480.0 5221
18 450.0 480.0 5221
3 310.0 360.0 5221
17 450.0 400.0 5221
14 490.0 400.0 5222
4 310.0 440.0 5222
7 350.0 480.0 5222
12 530.0 440.0 5222
5 350.0 320.0 5222
14 490.0 400.0 5222
3 310.0 360.0 5223
11 530.0 360.0 5223
16 450.0 320.0 5223
0 270.0 320.0 5223
9 560.0 400.0 5422
6 360.0 400.0 5422
10 560.0 480.0 5422
1 280.0 400.0 5422
17 440.0 400.0 5422
18 440.0 480.0 5422
3 320.0 360.0 5422
2 280.0 480.0 5422
5 360.0 320.0 5423
14 480.0 400.0 5423
14 480.0 400.0 5423
4 320.0 440.0 5423
7 360.0 480.0 5423
12 520.0 440.0 5423
16 440.0 320.0 5424
0 280.0 320.0 5424
3 320.0 360.0 5424
11 520.0 360.0 5424
1 290.0 400.0 5622
9 550.0 400.0 5622
10 550.0 480.0 5622
6 370.0 400.0 5622
2 290.0 480.0 5622
3 330.0 360.0 5622
17 430.0 400.0 5622
18 430.0 480.0 5622
7 370.0 480.0 5623
12 510.0 440.0 5623
14 470.0 400.0 5623
4 330.0 440.0 5623
5 370.0 320.0 5623
14 470.0 400.0 5623
16 430.0 320.0 5624
0 290.0 320.0 5624
3 330.0 360.0 5624
11 510.0 360.0 5624
1 300.0 400.0 5823
9 540.0 400.0 5823
6 380.0 400.0 5823
10 540.0 480.0 5823
18 420.0 480.0 5823
3 340.0 360.0 5823
2 300.0 480.0 5823
17 420.0 400.0 5823
14 460.0 400.0 5824
4 340.0 440.0 5824
7 380.0 480.0 5824
12 500.0 440.0 5824
5 380.0 320.0 5824
14 460.0 400.0 5824
3 340.0 360.0 5825
11 500.0 360.0 5825
16 420.0 320.0 5825
0 300.0 320.0 5825
6 390.0 400.0 6023
10 530.0 480.0 6023
9 530.0 400.0 6023
1 310.0 400.0 6023
2 310.0 480.0 6023
3 350.0 360.0 6023
18 410.0 480.0 6023
17 410.0 400.0 6023
5 390.0 320.0 6024
14 450.0 400.0 6024
7 390.0 480.0 6024
12 490.0 440.0 6024
14 450.0 400.0 6024
4 350.0 440.0 6024
16 410.0 320.0 6025
0 310.0 320.0 6025
3 350.0 360.0 6025
11 490.0 360.0 6025
1 320.0 400.0 6224
9 520.0 400.0 6224
10 520.0 480.0 6224
6 400.0 400.0 6224
18 400.0 480.0 6224
3 360.0 360.0 6224
17 400.0 400.0 6224
2 320.0 480.0 6224
7 400.0 480.0 6225
12 480.0 440.0 6225
5 400.0 320.0 6225
14 440.0 400.0 6225
14 440.0 400.0 6225
4 360.0 440.0 6225
3 360.0 360.0 6226
11 480.0 360.0 6226
16 400.0 320.0 6226
0 320.0 320.0 6226
9 510.0 400.0 6424
10 510.0 480.0 6424
1 330.0 400.0 6424
18 390.0 480.0 6424
2 330.0 480.0 6424
3 370.0 360.0 6424
5 410.0 320.0 6425
14 430.0 400.0 6425
14 430.0 400.0 6425
4 370.0 440.0 6425
7 410.0 480.0 6425
12 470.0 440.0 6425
3 370.0 360.0 6426
11 470.0 360.0 6426
13 750.0 320.0 6426
6 410.0 400.0 6426
16 390.0 320.0 6426
0 330.0 320.0 6426
1 340.0 400.0 6625
10 500.0 480.0 6625
9 500.0 400.0 6625
3 380.0 360.0 6625
18 380.0 480.0 6625
2 340.0 480.0 6625
14 420.0 400.0 6626
4 380.0 440.0 6626
7 420.0 480.0 6626
12 460.0 440.0 6626
5 420.0 320.0 6626
14 420.0 400.0 6626
13 740.0 320.0 6627
16 380.0 320.0 6627
0 340.0 320.0 6627
6 420.0 400.0 6627
3 380.0 360.0 6627
11 460.0 360.0 6627
9 490.0 400.0 6825
1 350.0 400.0 6825
10 490.0 480.0 6825
3 390.0 360.0 6825
18 370.0 480.0 6825
2 350.0 480.0 6825
7 430.0 480.0 6826
14 420.0 390.0 6826
12 450.0 440.0 6826
5 420.0 330.0 6826
14 410.0 400.0 6826
4 390.0 440.0 6826
13 730.0 320.0 6827
6 430.0 400.0 6827
16 370.0 320.0 6827
0 350.0 320.0 6827
3 390.0 360.0 6827
11 450.0 360.0 6827
9 480.0 400.0 7026
10 480.0 480.0 7026
1 360.0 400.0 7026
3 400.0 360.0 7026
2 360.0 480.0 7026
18 360.0 480.0 7026
14 420.0 380.0 7027
14 400.0 400.0 7027
4 400.0 440.0 7027
5 420.0 340.0 7027
7 440.0 480.0 7027
12 440.0 440.0 7027
3 400.0 360.0 7028
13 720.0 320.0 7028
11 440.0 360.0 7028
6 440.0 400.0 7028
16 360.0 320.0 7028
0 360.0 320.0 7028
18 360.0 470.0 7226
9 470.0 400.0 7226
10 470.0 480.0 7226
1 360.0 410.0 7226
3 410.0 360.0 7226
2 370.0 480.0 7226
4 400.0 430.0 7227
14 420.0 370.0 7227
12 440.0 450.0 7227
14 400.0 410.0 7227
7 440.0 470.0 7227
5 420.0 350.0 7227
3 410.0 360.0 7228
13 710.0 320.0 7228
11 430.0 360.0 7228
6 450.0 400.0 7228
18 360.0 460.0 7426
9 460.0 400.0 7426
10 460.0 480.0 7426
1 360.0 420.0 7426
2 380.0 480.0 7426
3 420.0 360.0 7426
12 440.0 460.0 7427
14 420.0 360.0 7427
4 400.0 420.0 7427
7 440.0 460.0 7427
5 420.0 360.0 7427
14 400.0 420.0 7427
3 420.0 360.0 7428
13 700.0 320.0 7428
11 420.0 360.0 7428
6 460.0 400.0 7428
10 450.0 480.0 7627
9 450.0 400.0 7627
18 360.0 450.0 7627
1 360.0 430.0 7627
3 430.0 360.0 7627
2 390.0 480.0 7627
16 370.0 320.0 7628
7 430.0 460.0 7628
16 370.0 320.0 7628
5 410.0 360.0 7628
13 690.0 320.0 7629
6 470.0 400.0 7629
3 440.0 360.0 7629
15 750.0 480.0 7629
9 440.0 400.0 7827
10 440.0 480.0 7827
18 360.0 440.0 7827
1 360.0 440.0 7827
3 440.0 360.0 7827
2 400.0 480.0 7827
16 380.0 320.0 7828
7 420.0 460.0 7828
16 380.0 320.0 7828
5 400.0 360.0 7828
3 450.0 360.0 7829
13 680.0 320.0 7829
15 740.0 480.0 7829
6 480.0 400.0 7829
3 440.0 370.0 8028
9 430.0 400.0 8028
10 440.0 470.0 8028
2 410.0 480.0 8028
16 390.0 320.0 8029
7 410.0 460.0 8029
16 390.0 320.0 8029
5 390.0 360.0 8029
13 670.0 320.0 8030
3 460.0 360.0 8030
6 490.0 400.0 8030
15 730.0 480.0 8030
8 830.0 320.0 8223
1 370.0 440.0 8223
9 420.0 400.0 8228
2 420.0 480.0 8228
3 440.0 380.0 8228
10 440.0 460.0 8228
16 400.0 320.0 8229
5 390.0 350.0 8229
7 400.0 460.0 8229
16 390.0 330.0 8229
3 470.0 360.0 8230
13 660.0 320.0 8230
6 500.0 400.0 8230
15 720.0 480.0 8230
8 820.0 320.0 8424
1 380.0 440.0 8424
2 420.0 470.0 8429
9 420.0 410.0 8429
3 440.0 390.0 8429
10 440.0 450.0 8429
7 400.0 450.0 8430
5 390.0 340.0 8430
16 390.0 340.0 8430
16 400.0 330.0 8430
3 480.0 360.0 8431
13 650.0 320.0 8431
15 710.0 480.0 8431
6 510.0 400.0 8431
8 810.0 320.0 8624
1 390.0 440.0 8624
3 440.0 400.0 8629
10 440.0 440.0 8629
2 420.0 460.0 8629
9 420.0 420.0 8629
7 400.0 440.0 8630
16 400.0 340.0 8630
3 490.0 360.0 8631
13 640.0 320.0 8631
15 700.0 480.0 8631
6 520.0 400.0 8631
8 800.0 320.0 8825
1 400.0 440.0 8825
2 420.0 450.0 8830
9 420.0 430.0 8830
3 440.0 410.0 8830
10 440.0 430.0 8830
7 400.0 430.0 8831
16 400.0 350.0 8831
3 500.0 360.0 8832
13 630.0 320.0 8832
15 690.0 480.0 8832
6 530.0 400.0 8832
8 790.0 320.0 9025
1 410.0 440.0 9025
2 420.0 440.0 9030
9 420.0 440.0 9030
3 440.0 420.0 9030
10 440.0 420.0 9030
7 400.0 420.0 9031
16 400.0 360.0 9031
3 510.0 360.0 9032
13 620.0 320.0 9032
6 540.0 400.0 9032
15 680.0 480.0 9032
8 780.0 320.0 9226
1 420.0 440.0 9226
7 400.0 410.0 9232
16 400.0 370.0 9232
3 520.0 360.0 9233
13 610.0 320.0 9233
15 670.0 480.0 9233
6 550.0 400.0 9233
8 770.0 320.0 9426
1 430.0 440.0 9426
7 400.0 400.0 9432
16 400.0 380.0 9432
3 530.0 360.0 9433
15 660.0 480.0 9433
13 600.0 320.0 9433
6 560.0 400.0 9433
8 760.0 320.0 9627
1 440.0 440.0 9627
7 400.0 390.0 9633
16 400.0 390.0 9633
3 540.0 360.0 9634
13 590.0 320.0 9634
15 650.0 480.0 9634
6 570.0 400.0 9634
8 750.0 320.0 9827
1 450.0 440.0 9827
13 580.0 320.0 9834
3 550.0 360.0 9834
15 640.0 480.0 9834
6 580.0 400.0 9834
8 740.0 320.0 10028
1 460.0 440.0 10028
6 580.0 390.0 10035
3 560.0 360.0 10035
13 580.0 330.0 10035
15 630.0 480.0 10035
8 730.0 320.0 10228
1 470.0 440.0 10228
3 570.0 360.0 10235
6 580.0 380.0 10235
13 580.0 340.0 10235
15 620.0 480.0 10235
8 720.0 320.0 10428
1 480.0 440.0 10428
6 580.0 370.0 10435
13 580.0 350.0 10435
3 580.0 360.0 10435
15 610.0 480.0 10435
8 710.0 320.0 10629
1 490.0 440.0 10629
6 580.0 360.0 10636
3 590.0 360.0 10636
13 580.0 360.0 10636
15 600.0 480.0 10636
8 700.0 320.0 10829
1 500.0 440.0 10829
15 600.0 470.0 10836
3 590.0 370.0 10836
8 690.0 320.0 11030
1 510.0 440.0 11030
15 600.0 460.0 11037
3 590.0 380.0 11037
8 680.0 320.0 11230
1 520.0 440.0 11230
15 600.0 450.0 11237
3 590.0 390.0 11237
8 670.0 320.0 11431
1 530.0 440.0 11431
15 600.0 440.0 11438
3 590.0 400.0 11438
8 660.0 320.0 11631
1 540.0 440.0 11631
15 600.0 430.0 11638
3 590.0 410.0 11638
8 650.0 320.0 11832
1 550.0 440.0 11832
15 600.0 420.0 11839
3 590.0 420.0 11839
8 640.0 320.0 12032
1 560.0 440.0 12032
8 630.0 320.0 12233
1 570.0 440.0 12233
8 620.0 320.0 12433
1 580.0 440.0 12433
8 610.0 320.0 12634
1 590.0 440.0 12634
8 600.0 320.0 12834
1 600.0 440.0 12834
1 600.0 430.0 13035
8 600.0 330.0 13035
1 600.0 420.0 13235
8 600.0 340.0 13235
1 600.0 410.0 13435
8 600.0 350.0 13435
1 600.0 400.0 13636
8 600.0 360.0 13636
1 600.0 390.0 13836
8 600.0 370.0 13836
1 600.0 380.0 14037
8 600.0 380.0 14037
0 DEAD
1 DEAD
2 DEAD
3 DEAD
4 DEAD
5 DEAD
6 DEAD
7 DEAD
11 DEAD
12 DEAD
14 DEAD
15 DEAD
17 DEAD
18 DEAD
